Fila 1
-------  -------  -------  -------  ---------
83662.8  1287.57  47560.1  32099.7  2715.39
63001.2     2.5    8999.3  53997.4     1.9876
83512.2  1285.54  47185.2  32205.1  2836.45
83623.5  1247.27  47500.1  32231.7  2644.43
83410    1280.29  46991.9  32290.6  2847.26
-------  -------  -------  -------  ---------
Fila 2
-------  ---------  ----------  ----------  ----------  -------  --------
83662.8  1065.03    12507.5     20582.6     22818.3     20264.6   6424.74
63001.2     5.5004      2.0156      5.9056      6.9512  25352    37628.8
83512.2  1122.1     12616.8     20182.6     21888.4     21198.2   6504.07
83623.5  1138.49    12515.4     19862.5     22279.9     21165.6   6661.66
83410     960.477   11711.4     19555       22875.8     21691.2   6616.16
-------  ---------  ----------  ----------  ----------  -------  --------

